61.7798118566927
34.4430423125824
67.8845503775466
38.0344094852737
45.2539419083694
47.9827050876565
45.1226188636749
63.569897996215
47.2172381690951
61.5220025952865
58.4540803677685
63.884206286153
51.9891346474327
68.3984649910534
66.8943985957757
65.7799290846441
38.6098241575613
51.3697493330444
89.3131661222677
63.2743868978924
68.6585279636153
85.4539507102788
71.6040304193318
93.2713420543657
96.1745911350527
56.0672274279218
64.1907443001201
85.120990851725
69.3065428909788
44.631932118444
55.2533521316174
53.4062390662467
108.933395391079
85.3061497783068
92.7433448876274
92.1289979731445
95.5382109737321
81.5651467455076
83.3077575338958
93.0019487582067
108.653637344324
92.1405502997633
104.09361989009
97.3774771865556
107.181178443699
131.94400861736
115.481367425982
137.355827868424
120.464624553504
131.356759974687
125.759031874072
137.152123536856
126.698244081453
135.693660126726
109.661269200989
104.144680773606
99.876280390531
142.596856480451
132.093440216921
123.092287730268
153.468933522947
100.522504462874
99.1667763474644
103.726086843194
126.980945781932
141.819171366172
122.976206167889
109.944464016363
112.534394593673
114.168738714985
138.330391218063
132.867940777712
143.449128865702
135.90812723835
132.581777783928
148.896506568669
130.784612297135
121.955389271753
125.101272008909
119.383183193771
161.273911295232
139.713323936207
130.737578981803
158.210852328253
146.506000528867
109.922134209579
113.59452679269
123.462286771501
101.427451594223
108.575328424034
141.402827293648
100.975712831121
126.530324250617
141.239590445434
111.836362740263
113.770801108019
111.880682173762
107.756047404287
82.5249534292477
103.390395771275
95.5152119271102
82.8583467137005
88.5474109961364
84.780705048099
118.698968895249
120.221384518646
87.6736942427952
67.2112710605989
78.6217159617522
44.8231192116956
65.6492950042011
65.0028441651229
71.0256684477714
74.5290132999336
87.3405590979184
89.7348022268251
104.440634097077
86.5600618028457
112.963258492296
111.363427036616
104.006622349656
76.714366580668
114.736609056783
94.9081631865284
118.737379365171
119.099845693913
117.89184832507
97.56044774747
119.758435301606
136.960896202438
134.231447540323
109.166753798358
104.449162758594
104.66672844302
96.3898341455213
108.540606960086
85.0028549567386
110.126418063882
98.4769858412774
112.665427896072
101.14365579991
132.769150233487
87.1854809583544
126.145959009214
120.689425233696
93.979805089798
82.0000440055212
81.3191182006148
73.7690914402768
70.604066093602
92.4776368211797
81.2236550822581
112.28429607872
98.9550926768316
111.54438208907
96.7469741561614
110.79450175113
107.118710653751
121.672911687225
110.997704880602
74.2198118397765
125.438438889037
87.1306708613546
103.806128155027
101.441100161511
104.714052103125
101.672237043326
99.6877339949726
120.953113906159
93.0347287279302
67.8323642859935
91.8352791324427
72.4128304715244
87.8691382635084
93.0996590381125
105.397802450785
105.025935586268
96.4214164381578
102.557078886129
121.562310355159
95.2081558065549
116.885228357221
87.0867314749586
120.967088212883
98.6696655927822
122.025262862431
124.524192411034
118.751976624935
111.707019754527
161.457058396493
133.018310430458
166.765175736814
124.542057234006
166.454935378658
111.410003116807
115.076156265945
110.681717570862
135.923226810996
145.610649071539
124.933482190532
154.679328139185
136.86332645402
137.593604794545
139.872824545537
164.382774550864
